54
9
41999050
497899
 0 1 1 20 inf  5 (D 0,1,1) (S 39,1,10) (S 7,10,10) (S 58,16,10) (D 0,1,1)
 0 1 2 10 inf  3 (D 0,1,1) (S 41,1,40) (D 0,1,1)
 0 1 3 17 inf  4 (D 0,1,1) (S 46,1,33) (S 22,33,33) (D 0,1,1)
 0 1 4 72 inf  11 (D 0,1,1) (S 56,1,35) (S 24,35,35) (S 69,35,1) (S 57,1,8) (S 5,8,8) (S 49,8,14) (S 32,14,15) (S 11,15,15) (S 31,15,16) (D 0,1,1)
 0 1 5 104 inf  18 (D 0,1,1) (S 59,1,11) (S 8,11,11) (S 9,12,12) (S 62,12,11) (S 65,12,13) (S 10,13,13) (S 12,17,17) (S 53,17,20) (S 14,20,20) (S 30,20,21) (S 15,21,21) (S 44,21,22) (S 73,22,25) (S 17,25,25) (S 52,25,22) (S 48,24,25) (D 0,1,1)
 0 1 6 18 inf  5 (D 0,1,1) (S 3,6,6) (S 28,6,7) (S 4,7,7) (D 0,1,1)
 0 1 7 7 inf  5 (D 0,1,1) (S 68,6,12) (S 66,12,6) (S 54,17,13) (D 0,1,1)
 0 1 8 16 inf  3 (D 0,1,1) (S 6,9,9) (D 0,1,1)
 0 1 9 20 54  5 (D 0,1,1) (S 25,36,36) (S 47,36,35) (S 26,37,37) (D 0,1,1)
