471
9
79078737
10359490
 0 1 1 70 103  14 (D 0,1,1) (S 57,1,15) (S 14,15,15) (S 79,15,16) (S 15,16,16) (S 89,16,1) (S 69,1,9) (S 8,9,9) (S 42,9,14) (S 13,14,14) (S 95,14,22) (S 18,22,22) (S 82,23,29) (D 0,1,1)
 0 1 2 70 100  16 (D 0,1,1) (S 78,1,16) (S 90,16,15) (S 49,23,28) (S 22,28,28) (S 44,28,29) (S 23,29,29) (S 84,29,23) (S 72,23,24) (S 19,24,24) (S 87,23,15) (S 97,29,24) (S 24,30,30) (S 55,30,38) (S 71,36,38) (D 0,1,1)
 0 1 3 69 101  9 (D 0,1,1) (S 4,5,5) (S 40,5,10) (S 9,10,10) (S 86,10,17) (S 16,17,17) (S 51,17,18) (S 67,18,19) (D 0,1,1)
 0 1 4 51 inf  9 (D 0,1,1) (S 102,5,6) (S 5,6,6) (S 10,11,11) (S 70,11,12) (S 11,12,12) (S 6,7,7) (S 76,11,6) (D 0,1,1)
 0 1 5 22 inf  5 (D 0,1,1) (S 12,13,13) (S 56,13,21) (S 17,21,21) (D 0,1,1)
 0 1 6 70 103  9 (D 0,1,1) (S 52,17,24) (S 63,30,39) (S 31,39,39) (S 81,39,47) (S 58,47,39) (S 30,38,38) (S 62,37,38) (D 0,1,1)
 0 1 7 60 inf  11 (D 0,1,1) (S 101,13,8) (S 7,8,8) (S 65,22,14) (S 74,22,13) (S 59,37,29) (S 29,36,36) (S 25,31,31) (S 93,31,39) (S 88,47,40) (D 0,1,1)
 0 1 8 12 inf  4 (D 0,1,1) (S 26,32,32) (S 48,32,40) (D 0,1,1)
 0 1 9 12 64  4 (D 0,1,1) (S 96,32,31) (S 75,19,32) (D 0,1,1)
