0
6
68039481
4488219
 0 1 1 63 inf  8 (D 0,1,1) (S 55,1,9) (S 6,9,9) (S 7,10,10) (S 28,10,15) (S 12,15,15) (S 34,15,19) (D 0,1,1)
 0 1 2 74 inf  8 (D 0,1,1) (S 71,1,5) (S 44,5,1) (S 46,5,8) (S 5,8,8) (S 27,8,9) (S 35,10,19) (D 0,1,1)
 0 1 3 150 inf  15 (D 0,1,1) (S 52,8,5) (S 10,13,13) (S 32,13,14) (S 11,14,14) (S 26,14,15) (S 43,15,8) (S 41,13,8) (S 47,13,16) (S 13,16,16) (S 36,16,21) (S 17,21,21) (S 48,21,22) (S 18,22,22) (D 0,1,1)
 0 1 4 150 inf  25 (D 0,1,1) (S 54,10,3) (S 2,3,3) (S 1,2,2) (S 39,2,3) (S 4,7,7) (S 31,7,12) (S 9,12,12) (S 42,12,16) (S 56,16,20) (S 16,20,20) (S 50,20,27) (S 45,27,24) (S 62,24,28) (S 22,28,28) (S 51,28,27) (S 72,27,20) (S 53,20,16) (S 67,16,13) (S 61,20,21) (S 64,22,17) (S 14,17,17) (S 15,18,18) (S 19,23,23) (D 0,1,1)
 0 1 5 39 inf  10 (D 0,1,1) (S 59,7,6) (S 37,6,11) (S 8,11,11) (S 57,11,16) (S 63,12,11) (S 68,24,21) (S 66,28,21) (S 29,18,19) (D 0,1,1)
 0 1 6 67 inf  15 (D 0,1,1) (S 60,6,7) (S 58,18,23) (S 25,23,26) (S 21,26,26) (S 24,26,30) (S 40,30,25) (S 20,25,25) (S 38,25,22) (S 70,18,26) (S 65,23,18) (S 69,30,23) (S 49,25,29) (S 23,29,29) (D 0,1,1)
