315
7
21859650
563210
 0 1 1 27 52  8 (D 0,1,1) (S 36,1,3) (S 1,3,3) (S 29,3,4) (S 34,4,10) (S 40,6,7) (S 38,2,1) (D 0,1,1)
 0 1 2 27 inf  7 (D 0,1,1) (S 11,19,19) (S 26,2,12) (S 22,12,13) (S 19,13,14) (S 7,14,14) (D 0,1,1)
 0 1 3 27 inf  7 (D 0,1,1) (S 9,17,17) (S 8,15,15) (S 18,15,20) (S 12,21,21) (S 39,25,26) (D 0,1,1)
 0 1 4 25 84  8 (D 0,1,1) (S 16,27,27) (S 41,3,6) (S 3,5,5) (S 30,5,6) (S 6,10,10) (S 33,16,17) (D 0,1,1)
 0 1 5 26 56  4 (D 0,1,1) (S 4,6,6) (S 5,8,8) (D 0,1,1)
 0 1 6 25 76  5 (D 0,1,1) (S 24,13,15) (S 2,4,4) (S 32,4,6) (D 0,1,1)
 0 1 7 7 47  3 (D 0,1,1) (S 27,7,11) (D 0,1,1)
