105
9
89569150
5117710
 0 1 1 19 inf  4 (D 0,1,1) (S 55,1,16) (S 11,16,16) (D 0,1,1)
 0 1 2 46 inf  8 (D 0,1,1) (S 57,1,9) (S 41,9,14) (S 9,14,14) (S 54,14,15) (S 10,15,15) (S 52,15,16) (D 0,1,1)
 0 1 3 130 inf  14 (D 0,1,1) (S 4,5,5) (S 49,5,10) (S 5,10,10) (S 79,10,11) (S 6,11,11) (S 13,18,18) (S 75,18,17) (S 12,17,17) (S 35,17,31) (S 45,31,39) (S 28,39,39) (S 46,39,47) (D 0,1,1)
 0 1 4 85 inf  17 (D 0,1,1) (S 63,5,2) (S 1,2,2) (S 99,2,3) (S 2,3,3) (S 3,4,4) (S 48,4,7) (S 96,7,12) (S 7,12,12) (S 81,12,7) (S 14,19,19) (S 100,19,12) (S 23,30,30) (S 62,30,17) (S 84,30,39) (S 47,40,47) (D 0,1,1)
 0 1 5 112 inf  21 (D 0,1,1) (S 56,6,7) (S 91,30,24) (S 17,24,24) (S 65,24,29) (S 22,29,29) (S 58,29,23) (S 16,23,23) (S 42,23,28) (S 21,28,28) (S 67,28,27) (S 20,27,27) (S 87,27,26) (S 19,26,26) (S 90,26,27) (S 25,36,36) (S 70,36,35) (S 89,35,36) (S 92,36,38) (S 27,38,38) (D 0,1,1)
 0 1 6 131 inf  29 (D 0,1,1) (S 82,6,11) (S 60,29,24) (S 88,23,14) (S 72,14,23) (S 94,23,24) (S 15,22,22) (S 64,21,22) (S 78,21,26) (S 40,34,35) (S 95,36,28) (S 68,34,26) (S 93,34,42) (S 59,42,43) (S 30,43,43) (S 69,43,44) (S 31,44,44) (S 53,44,45) (S 32,45,45) (S 43,45,48) (S 39,48,49) (S 33,49,49) (S 98,49,50) (S 34,50,50) (S 83,50,49) (S 73,45,46) (S 102,46,45) (S 85,45,49) (D 0,1,1)
 0 1 7 5 inf  3 (D 0,1,1) (S 101,40,39) (D 0,1,1)
 0 1 8 41 inf  7 (D 0,1,1) (S 80,21,13) (S 8,13,13) (S 50,13,22) (S 86,13,21) (S 38,8,9) (D 0,1,1)
 0 1 9 24 105  5 (D 0,1,1) (S 66,8,13) (S 77,42,34) (S 97,43,35) (D 0,1,1)
