35
9
41884431
947581
 0 1 1 10 inf  3 (D 0,1,1) (S 25,1,40) (D 0,1,1)
 0 1 2 188 inf  31 (D 0,1,1) (S 31,1,33) (S 26,33,34) (S 43,34,35) (S 53,35,36) (S 18,36,36) (S 70,36,35) (S 69,35,1) (S 32,1,2) (S 1,2,2) (S 30,2,6) (S 4,6,6) (S 49,6,12) (S 29,12,17) (S 21,17,18) (S 9,18,18) (S 75,18,19) (S 55,19,13) (S 7,13,13) (S 22,13,18) (S 62,13,17) (S 51,17,13) (S 52,17,20) (S 10,20,20) (S 36,20,23) (S 23,23,24) (S 82,24,25) (S 57,25,24) (S 65,25,22) (S 11,22,22) (D 0,1,1)
 0 1 3 20 inf  5 (D 0,1,1) (S 35,1,10) (S 50,10,16) (S 61,16,10) (D 0,1,1)
 0 1 4 44 inf  10 (D 0,1,1) (S 58,1,11) (S 6,11,11) (S 74,11,12) (S 60,12,6) (S 64,12,11) (S 77,12,13) (S 37,20,21) (S 42,21,22) (D 0,1,1)
 0 1 5 14 inf  4 (D 0,1,1) (S 67,1,35) (S 68,1,6) (D 0,1,1)
 0 1 6 33 inf  4 (D 0,1,1) (S 5,8,8) (S 39,8,40) (D 0,1,1)
 0 1 7 6 inf  3 (D 0,1,1) (S 47,9,10) (D 0,1,1)
 0 1 8 30 inf  7 (D 0,1,1) (S 54,9,15) (S 8,15,15) (S 72,15,9) (S 79,9,8) (S 38,14,15) (D 0,1,1)
 0 1 9 7 35  3 (D 0,1,1) (S 19,37,37) (D 0,1,1)
