404
7
13957904
1314243
 0 1 1 40 51  5 (D 0,1,1) (S 20,1,8) (S 12,8,9) (S 7,9,9) (D 0,1,1)
 0 1 2 38 68  7 (D 0,1,1) (S 21,1,7) (S 6,7,7) (S 9,7,9) (S 8,5,7) (S 2,3,3) (D 0,1,1)
 0 1 3 41 60  6 (D 0,1,1) (S 10,7,8) (S 23,8,10) (S 3,4,4) (S 19,4,1) (D 0,1,1)
 0 1 4 41 56  5 (D 0,1,1) (S 18,4,5) (S 4,5,5) (S 13,5,6) (D 0,1,1)
 0 1 5 40 76  6 (D 0,1,1) (S 1,2,2) (S 17,3,6) (S 15,2,1) (S 14,2,5) (D 0,1,1)
 0 1 6 37 66  6 (D 0,1,1) (S 16,2,3) (S 5,6,6) (S 24,3,1) (S 22,3,7) (D 0,1,1)
 0 1 7 8 27  3 (D 0,1,1) (S 11,6,7) (D 0,1,1)
