0
7
43410572
175089
 0 1 1 10 inf  3 (D 0,1,1) (S 37,1,40) (D 0,1,1)
 0 1 2 41 inf  8 (D 0,1,1) (S 49,1,2) (S 1,2,2) (S 46,2,6) (S 5,6,6) (S 32,6,7) (S 6,7,7) (D 0,1,1)
 0 1 3 23 inf  5 (D 0,1,1) (S 51,1,8) (S 7,8,8) (S 44,8,40) (D 0,1,1)
 0 1 4 100 inf  16 (D 0,1,1) (S 70,1,11) (S 10,11,11) (S 11,12,12) (S 45,12,17) (S 16,17,17) (S 64,17,13) (S 12,13,13) (S 57,13,12) (S 53,12,11) (S 63,12,6) (S 59,6,12) (S 18,20,20) (S 41,20,23) (S 21,23,23) (D 0,1,1)
 0 1 5 29 inf  6 (D 0,1,1) (S 29,35,35) (S 65,35,1) (S 62,8,14) (S 13,14,14) (D 0,1,1)
 0 1 6 63 inf  10 (D 0,1,1) (S 71,35,36) (S 30,36,36) (S 68,36,35) (S 69,37,36) (S 8,9,9) (S 35,9,10) (S 9,10,10) (S 15,16,16) (D 0,1,1)
 0 1 7 13 inf  3 (D 0,1,1) (S 14,15,15) (D 0,1,1)
