269
9
110501207
9299585
 0 1 1 88 inf  15 (D 0,1,1) (S 35,1,9) (S 49,9,14) (S 6,14,14) (S 112,14,23) (S 12,23,23) (S 76,23,22) (S 11,22,22) (S 10,21,21) (S 93,21,22) (S 5,13,13) (S 50,13,22) (S 67,13,21) (S 104,13,9) (D 0,1,1)
 0 1 2 69 inf  9 (D 0,1,1) (S 42,1,16) (S 43,16,17) (S 8,17,17) (S 38,17,31) (S 16,31,31) (S 44,31,39) (S 26,39,47) (D 0,1,1)
 0 1 3 69 inf  13 (D 0,1,1) (S 66,1,5) (S 40,5,6) (S 27,6,7) (S 2,7,7) (S 59,12,7) (S 74,12,19) (S 9,19,19) (S 48,19,32) (S 28,32,40) (S 20,40,40) (S 33,40,47) (D 0,1,1)
 0 1 4 126 inf  22 (D 0,1,1) (S 52,5,10) (S 3,10,10) (S 4,11,11) (S 64,11,6) (S 91,6,11) (S 72,11,10) (S 71,18,17) (S 70,17,30) (S 30,30,38) (S 19,38,38) (S 39,38,46) (S 25,46,46) (S 24,45,45) (S 73,45,49) (S 58,49,50) (S 57,50,45) (S 103,45,50) (S 92,50,49) (S 102,49,45) (S 100,50,46) (D 0,1,1)
 0 1 5 140 194  28 (D 0,1,1) (S 105,5,2) (S 1,2,2) (S 85,2,5) (S 111,5,1) (S 7,15,15) (S 63,15,24) (S 60,24,23) (S 86,23,14) (S 110,23,29) (S 15,29,29) (S 41,29,30) (S 56,30,24) (S 96,24,29) (S 54,29,37) (S 29,37,44) (S 23,44,44) (S 22,43,43) (S 77,43,35) (S 55,35,36) (S 18,36,36) (S 45,36,44) (S 78,43,42) (S 21,42,42) (S 87,43,44) (S 68,34,42) (S 81,27,28) (D 0,1,1)
 0 1 6 20 inf  8 (D 0,1,1) (S 80,15,1) (S 98,15,23) (S 88,29,24) (S 82,26,27) (S 31,27,35) (S 61,36,38) (D 0,1,1)
 0 1 7 24 inf  8 (D 0,1,1) (S 89,3,4) (S 46,4,7) (S 108,19,12) (S 79,18,19) (S 75,30,39) (S 97,39,40) (D 0,1,1)
 0 1 8 54 inf  12 (D 0,1,1) (S 101,3,6) (S 83,30,17) (S 95,26,34) (S 17,34,34) (S 69,27,26) (S 14,28,28) (S 94,28,36) (S 62,36,35) (S 107,28,29) (S 37,8,9) (D 0,1,1)
 0 1 9 8 75  4 (D 0,1,1) (S 109,4,3) (S 65,8,13) (D 0,1,1)
