53
6
51100760
14357740
 0 1 1 50 inf  12 (D 0,1,1) (S 27,1,31) (S 57,31,5) (S 4,5,5) (S 34,5,10) (S 30,10,11) (S 42,11,6) (S 5,6,6) (S 31,6,31) (S 43,5,6) (S 46,11,12) (D 0,1,1)
 0 1 2 48 53  9 (D 0,1,1) (S 36,1,30) (S 17,30,30) (S 61,1,2) (S 1,2,2) (S 50,2,3) (S 2,3,3) (S 63,2,1) (D 0,1,1)
 0 1 3 50 inf  9 (D 0,1,1) (S 20,3,4) (S 3,4,4) (S 26,4,13) (S 18,13,19) (S 23,19,21) (S 53,21,18) (S 8,12,12) (D 0,1,1)
 0 1 4 50 inf  12 (D 0,1,1) (S 47,3,2) (S 32,29,31) (S 40,6,11) (S 49,12,11) (S 56,12,18) (S 12,18,18) (S 51,18,12) (S 54,13,12) (S 45,10,14) (S 39,14,10) (D 0,1,1)
 0 1 5 48 inf  10 (D 0,1,1) (S 59,29,28) (S 28,28,31) (S 48,10,5) (S 58,10,16) (S 11,16,16) (S 55,17,16) (S 62,17,11) (S 9,14,14) (D 0,1,1)
 0 1 6 21 inf  5 (D 0,1,1) (S 64,29,30) (S 41,28,26) (S 15,26,26) (D 0,1,1)
