0
6
25473642
1396060
 0 1 1 31 inf  7 (D 0,1,1) (S 17,1,5) (S 3,5,5) (S 42,5,4) (S 2,4,4) (S 30,6,7) (D 0,1,1)
 0 1 2 42 inf  7 (D 0,1,1) (S 20,1,20) (S 14,20,20) (S 31,20,21) (S 15,21,21) (S 33,21,24) (D 0,1,1)
 0 1 3 43 inf  5 (D 0,1,1) (S 29,1,9) (S 41,9,19) (S 13,19,19) (D 0,1,1)
 0 1 4 33 inf  6 (D 0,1,1) (S 34,1,19) (S 35,19,9) (S 25,22,23) (S 16,23,23) (D 0,1,1)
 0 1 5 24 inf  5 (D 0,1,1) (S 7,11,11) (S 28,11,1) (S 21,21,23) (D 0,1,1)
 0 1 6 18 inf  5 (D 0,1,1) (S 27,15,20) (S 44,15,21) (S 38,24,21) (D 0,1,1)
