81
7
48631932
5131863
 0 1 1 64 inf  11 (D 0,1,1) (S 29,1,6) (S 4,6,6) (S 1,2,2) (S 30,2,36) (S 23,36,36) (S 24,37,37) (S 52,37,3) (S 2,3,3) (S 66,3,4) (D 0,1,1)
 0 1 2 64 inf  9 (D 0,1,1) (S 35,1,35) (S 22,35,35) (S 37,35,36) (S 63,37,30) (S 51,30,31) (S 20,31,31) (S 73,37,38) (D 0,1,1)
 0 1 3 65 81  12 (D 0,1,1) (S 68,1,40) (S 27,40,40) (S 71,1,11) (S 9,11,11) (S 33,11,16) (S 12,16,16) (S 57,16,15) (S 48,15,16) (S 62,15,9) (S 44,8,40) (D 0,1,1)
 0 1 4 65 inf  10 (D 0,1,1) (S 56,2,1) (S 50,11,12) (S 10,12,12) (S 75,12,11) (S 6,8,8) (S 59,8,9) (S 7,9,9) (S 25,38,38) (D 0,1,1)
 0 1 5 39 inf  10 (D 0,1,1) (S 70,3,37) (S 45,38,39) (S 26,39,39) (S 72,39,5) (S 43,5,39) (S 67,5,4) (S 3,4,4) (S 58,31,37) (D 0,1,1)
 0 1 6 56 inf  7 (D 0,1,1) (S 5,7,7) (S 36,7,13) (S 11,13,13) (S 13,18,18) (S 28,18,19) (D 0,1,1)
 0 1 7 9 inf  4 (D 0,1,1) (S 64,18,13) (S 76,17,13) (D 0,1,1)
