178
7
52645225
3669755
 0 1 1 65 inf  11 (D 0,1,1) (S 36,1,35) (S 21,35,35) (S 41,35,36) (S 61,36,37) (S 47,37,30) (S 45,30,31) (S 18,31,31) (S 53,31,37) (S 56,37,3) (D 0,1,1)
 0 1 2 65 91  15 (D 0,1,1) (S 39,1,6) (S 4,6,6) (S 51,6,7) (S 5,7,7) (S 54,7,6) (S 1,2,2) (S 31,2,36) (S 73,37,36) (S 79,37,38) (S 22,38,38) (S 58,38,37) (S 42,3,7) (S 9,12,12) (D 0,1,1)
 0 1 3 64 87  11 (D 0,1,1) (S 60,1,11) (S 8,11,11) (S 35,11,16) (S 11,16,16) (S 65,16,10) (S 7,10,10) (S 50,9,10) (S 80,9,8) (S 43,12,6) (D 0,1,1)
 0 1 4 65 inf  12 (D 0,1,1) (S 78,1,40) (S 24,40,40) (S 55,2,6) (S 28,12,17) (S 12,17,17) (S 10,13,13) (S 72,13,18) (S 13,18,18) (S 29,18,22) (S 81,22,21) (D 0,1,1)
 0 1 5 44 inf  11 (D 0,1,1) (S 66,2,3) (S 59,3,4) (S 2,4,4) (S 77,3,37) (S 71,31,30) (S 23,39,39) (S 64,39,38) (S 3,5,5) (S 70,5,39) (D 0,1,1)
 0 1 6 61 inf  10 (D 0,1,1) (S 6,8,8) (S 30,8,14) (S 32,14,15) (S 63,15,16) (S 68,15,9) (S 44,8,40) (S 75,12,11) (S 46,18,13) (D 0,1,1)
 0 1 7 14 inf  3 (D 0,1,1) (S 33,18,19) (D 0,1,1)
