742
7
117691206
30128951
 0 1 1 70 99  14 (D 0,1,1) (S 53,1,16) (S 65,16,1) (S 61,1,9) (S 2,9,9) (S 94,9,1) (S 104,1,5) (S 40,5,10) (S 3,10,10) (S 56,10,11) (S 4,11,11) (S 46,11,18) (S 66,18,19) (D 0,1,1)
 0 1 2 70 117  14 (D 0,1,1) (S 62,5,6) (S 1,6,6) (S 81,5,1) (S 117,9,13) (S 5,13,13) (S 35,13,21) (S 8,21,21) (S 52,21,26) (S 12,26,26) (S 75,25,33) (S 17,33,33) (S 83,25,20) (D 0,1,1)
 0 1 3 59 inf  10 (D 0,1,1) (S 85,16,17) (S 7,17,17) (S 25,17,31) (S 95,31,39) (S 18,39,39) (S 64,39,31) (S 113,31,32) (S 38,32,40) (D 0,1,1)
 0 1 4 70 101  20 (D 0,1,1) (S 106,16,15) (S 6,15,15) (S 29,15,24) (S 11,24,24) (S 67,24,29) (S 15,29,29) (S 37,29,30) (S 16,30,30) (S 57,30,24) (S 119,24,23) (S 10,23,23) (S 72,23,29) (S 88,29,37) (S 96,37,38) (S 42,38,46) (S 21,46,46) (S 60,38,36) (S 77,36,38) (D 0,1,1)
 0 1 5 68 122  16 (D 0,1,1) (S 27,17,24) (S 102,23,15) (S 54,15,23) (S 107,23,24) (S 111,29,23) (S 58,15,16) (S 44,17,18) (S 101,19,32) (S 73,32,31) (S 82,32,19) (S 80,39,38) (S 108,38,37) (S 115,37,29) (S 98,30,17) (D 0,1,1)
 0 1 6 68 125  12 (D 0,1,1) (S 71,13,9) (S 86,13,8) (S 76,8,13) (S 9,22,22) (S 33,22,23) (S 103,39,30) (S 32,36,44) (S 78,43,35) (S 59,43,44) (S 19,44,44) (D 0,1,1)
 0 1 7 68 178  14 (D 0,1,1) (S 105,17,10) (S 30,12,19) (S 22,47,47) (S 120,47,39) (S 63,12,7) (S 118,7,12) (S 109,12,11) (S 74,22,14) (S 79,14,22) (S 51,14,15) (S 112,8,9) (S 47,14,23) (D 0,1,1)
