76
8
55227357
2170272
 0 1 1 64 inf  11 (D 0,1,1) (S 29,1,6) (S 4,6,6) (S 65,6,12) (S 8,12,12) (S 32,12,17) (S 58,17,13) (S 9,13,13) (S 11,18,18) (S 80,18,13) (D 0,1,1)
 0 1 2 59 inf  12 (D 0,1,1) (S 36,1,33) (S 30,33,34) (S 46,34,35) (S 23,35,36) (S 81,36,37) (S 41,37,3) (S 2,3,3) (S 21,3,7) (S 5,7,7) (S 39,7,13) (D 0,1,1)
 0 1 3 51 inf  9 (D 0,1,1) (S 37,1,35) (S 56,35,34) (S 57,35,28) (S 17,28,28) (S 40,28,35) (S 24,27,34) (S 63,27,28) (D 0,1,1)
 0 1 4 65 76  14 (D 0,1,1) (S 38,1,10) (S 59,10,9) (S 50,9,8) (S 6,8,8) (S 53,8,9) (S 70,9,10) (S 84,8,40) (S 49,40,1) (S 45,1,40) (S 52,1,2) (S 1,2,2) (S 83,2,1) (D 0,1,1)
 0 1 5 65 inf  12 (D 0,1,1) (S 61,1,8) (S 75,1,11) (S 7,11,11) (S 31,11,16) (S 69,16,10) (S 19,2,36) (S 72,37,36) (S 73,37,30) (S 82,37,38) (S 54,38,37) (D 0,1,1)
 0 1 6 64 inf  14 (D 0,1,1) (S 76,2,3) (S 3,4,4) (S 85,4,3) (S 55,38,39) (S 77,39,5) (S 42,5,4) (S 66,30,31) (S 22,31,38) (S 78,39,38) (S 60,31,30) (S 79,31,37) (S 51,5,39) (D 0,1,1)
 0 1 7 29 inf  7 (D 0,1,1) (S 67,11,1) (S 62,12,6) (S 74,12,11) (S 20,18,22) (S 28,22,25) (D 0,1,1)
 0 1 8 14 inf  3 (D 0,1,1) (S 26,18,19) (D 0,1,1)
