0
9
133399352
7180611
 0 1 1 117 inf  21 (D 0,1,1) (S 33,1,2) (S 79,2,3) (S 70,3,2) (S 99,2,7) (S 47,7,8) (S 38,8,9) (S 29,9,16) (S 26,16,17) (S 25,17,25) (S 34,25,28) (S 57,28,32) (S 13,32,32) (S 41,32,37) (S 15,37,37) (S 123,37,43) (S 21,43,43) (S 31,43,45) (S 23,45,45) (S 118,50,45) (D 0,1,1)
 0 1 2 120 inf  23 (D 0,1,1) (S 106,1,5) (S 49,5,11) (S 61,11,12) (S 2,12,12) (S 30,12,20) (S 8,20,20) (S 78,20,19) (S 7,19,19) (S 100,19,18) (S 6,18,18) (S 67,18,5) (S 59,5,18) (S 111,18,29) (S 81,29,26) (S 10,26,26) (S 82,26,34) (S 14,34,34) (S 55,34,33) (S 32,33,46) (S 27,46,47) (S 44,47,48) (D 0,1,1)
 0 1 3 180 inf  32 (D 0,1,1) (S 90,11,5) (S 112,11,19) (S 116,18,26) (S 84,26,19) (S 101,26,18) (S 120,30,27) (S 11,27,27) (S 65,27,31) (S 12,31,31) (S 52,31,27) (S 119,27,30) (S 66,21,13) (S 3,13,13) (S 72,13,12) (S 63,12,6) (S 1,6,6) (S 40,6,7) (S 69,7,13) (S 108,12,11) (S 95,6,12) (S 96,6,13) (S 4,14,14) (S 80,14,22) (S 9,22,22) (S 62,22,31) (S 91,22,23) (S 46,23,31) (S 113,21,22) (S 5,15,15) (S 114,15,23) (D 0,1,1)
 0 1 4 44 inf  10 (D 0,1,1) (S 98,6,5) (S 102,29,39) (S 17,39,39) (S 105,34,26) (S 110,34,30) (S 28,35,41) (S 19,41,41) (S 45,41,48) (D 0,1,1)
 0 1 5 17 inf  5 (D 0,1,1) (S 115,15,14) (S 35,16,24) (S 56,24,25) (D 0,1,1)
 0 1 6 51 inf  16 (D 0,1,1) (S 64,9,10) (S 54,10,9) (S 104,9,3) (S 117,3,9) (S 109,9,15) (S 97,16,15) (S 103,10,4) (S 50,4,3) (S 88,7,2) (S 121,34,40) (S 18,40,40) (S 92,40,47) (S 71,47,40) (S 74,41,40) (D 0,1,1)
 0 1 7 7 inf  3 (D 0,1,1) (S 43,33,40) (D 0,1,1)
 0 1 8 41 inf  11 (D 0,1,1) (S 48,33,39) (S 76,33,29) (S 83,33,34) (S 37,35,36) (S 58,36,42) (S 20,42,42) (S 93,42,44) (S 22,44,44) (S 36,44,50) (D 0,1,1)
 0 1 9 8 inf  4 (D 0,1,1) (S 86,35,27) (S 51,4,10) (D 0,1,1)
