0
9
26820258
1461513
 0 1 1 13 inf  4 (D 0,1,1) (S 13,1,2) (S 1,2,2) (D 0,1,1)
 0 1 2 39 inf  8 (D 0,1,1) (S 30,1,3) (S 2,3,3) (S 19,3,4) (S 18,4,5) (S 7,11,11) (S 35,11,5) (D 0,1,1)
 0 1 3 39 inf  8 (D 0,1,1) (S 17,9,10) (S 6,10,10) (S 32,10,11) (S 20,11,15) (S 39,15,21) (S 12,21,21) (D 0,1,1)
 0 1 4 38 inf  8 (D 0,1,1) (S 36,9,3) (S 40,9,19) (S 21,19,22) (S 38,22,23) (S 23,23,22) (S 43,23,20) (D 0,1,1)
 0 1 5 39 inf  7 (D 0,1,1) (S 22,19,20) (S 11,20,20) (S 15,20,21) (S 44,15,16) (S 41,20,23) (D 0,1,1)
 0 1 6 39 inf  7 (D 0,1,1) (S 42,19,9) (S 26,23,24) (S 24,24,23) (S 29,24,21) (S 33,16,12) (D 0,1,1)
 0 1 7 19 inf  3 (D 0,1,1) (S 3,5,5) (D 0,1,1)
 0 1 8 40 inf  6 (D 0,1,1) (S 9,16,16) (S 8,12,12) (S 28,12,6) (S 4,6,6) (D 0,1,1)
 0 1 9 7 inf  3 (D 0,1,1) (S 34,12,11) (D 0,1,1)
