0
7
46633798
972295
 0 1 1 23 inf  5 (D 0,1,1) (S 31,1,10) (S 7,10,10) (S 37,10,16) (D 0,1,1)
 0 1 2 10 inf  3 (D 0,1,1) (S 32,1,40) (D 0,1,1)
 0 1 3 77 inf  11 (D 0,1,1) (S 62,1,6) (S 5,6,6) (S 28,6,12) (S 43,12,13) (S 9,13,13) (S 44,13,12) (S 48,12,11) (S 8,11,11) (S 29,11,16) (D 0,1,1)
 0 1 4 67 inf  11 (D 0,1,1) (S 69,1,2) (S 1,2,2) (S 39,2,36) (S 24,36,36) (S 53,36,29) (S 19,29,29) (S 25,37,37) (S 50,37,31) (S 34,31,38) (D 0,1,1)
 0 1 5 82 inf  14 (D 0,1,1) (S 51,2,1) (S 59,6,1) (S 2,3,3) (S 30,3,37) (S 58,37,30) (S 20,30,30) (S 27,30,31) (S 56,31,37) (S 61,31,32) (S 21,32,32) (S 26,39,39) (S 52,39,38) (D 0,1,1)
 0 1 6 19 inf  5 (D 0,1,1) (S 38,7,13) (S 71,12,17) (S 11,17,17) (D 0,1,1)
 0 1 7 123 inf  13 (D 0,1,1) (S 42,3,4) (S 3,4,4) (S 70,7,6) (S 23,35,35) (S 67,35,34) (S 49,34,26) (S 16,26,26) (S 17,27,27) (S 18,28,28) (S 54,28,35) (S 4,5,5) (D 0,1,1)
