457
7
12907485
40388
 0 1 1 41 90  9 (D 0,1,1) (S 8,1,6) (S 5,6,6) (S 6,7,7) (S 7,7,9) (S 19,9,10) (S 13,4,2) (S 22,3,8) (D 0,1,1)
 0 1 2 40 67  6 (D 0,1,1) (S 12,1,9) (S 15,1,8) (S 14,8,9) (S 9,5,7) (D 0,1,1)
 0 1 3 41 87  7 (D 0,1,1) (S 16,7,10) (S 17,7,8) (S 18,8,10) (S 20,3,7) (S 11,5,9) (D 0,1,1)
 0 1 4 35 41  4 (D 0,1,1) (S 3,4,4) (S 23,4,1) (D 0,1,1)
 0 1 5 37 67  4 (D 0,1,1) (S 4,5,5) (S 2,3,3) (D 0,1,1)
 0 1 6 40 77  5 (D 0,1,1) (S 24,3,6) (S 1,2,2) (S 10,2,5) (D 0,1,1)
 0 1 7 11 28  3 (D 0,1,1) (S 21,2,3) (D 0,1,1)
