512
7
79424726
3815194
 0 1 1 70 90  13 (D 0,1,1) (S 51,1,15) (S 13,15,15) (S 49,15,24) (S 21,24,24) (S 20,23,23) (S 47,23,28) (S 24,28,28) (S 50,28,29) (S 25,29,29) (S 76,29,37) (S 99,37,38) (D 0,1,1)
 0 1 2 70 103  12 (D 0,1,1) (S 58,1,5) (S 4,5,5) (S 5,6,6) (S 52,6,7) (S 65,7,12) (S 10,12,12) (S 56,12,19) (S 16,19,19) (S 27,32,32) (S 108,30,39) (D 0,1,1)
 0 1 3 70 96  12 (D 0,1,1) (S 85,1,10) (S 8,10,10) (S 82,10,17) (S 15,17,17) (S 45,17,31) (S 62,31,32) (S 78,32,31) (S 71,31,39) (S 87,39,31) (S 84,38,36) (D 0,1,1)
 0 1 4 70 97  13 (D 0,1,1) (S 7,9,9) (S 42,9,14) (S 12,14,14) (S 46,14,15) (S 81,23,29) (S 102,29,23) (S 14,16,16) (S 90,16,15) (S 103,16,17) (S 106,17,30) (S 26,30,30) (D 0,1,1)
 0 1 5 46 inf  8 (D 0,1,1) (S 79,6,11) (S 9,11,11) (S 38,11,18) (S 72,18,19) (S 32,39,39) (S 105,39,40) (D 0,1,1)
 0 1 6 70 126  15 (D 0,1,1) (S 11,13,13) (S 93,13,8) (S 6,8,8) (S 97,8,13) (S 95,13,22) (S 19,22,22) (S 77,22,14) (S 75,14,22) (S 101,22,13) (S 86,12,11) (S 40,30,38) (S 96,38,37) (S 69,37,29) (D 0,1,1)
 0 1 7 40 inf  7 (D 0,1,1) (S 31,38,38) (S 30,36,36) (S 67,36,38) (S 36,47,47) (S 91,47,40) (D 0,1,1)
