20
7
32681392
1082412
 0 1 1 49 inf  10 (D 0,1,1) (S 19,1,31) (S 60,31,5) (S 2,5,5) (S 35,5,10) (S 6,10,10) (S 36,10,5) (S 3,6,6) (S 27,6,31) (D 0,1,1)
 0 1 2 36 inf  5 (D 0,1,1) (S 26,1,7) (S 4,7,7) (S 39,7,8) (D 0,1,1)
 0 1 3 50 inf  7 (D 0,1,1) (S 40,1,30) (S 49,30,1) (S 1,2,2) (S 59,2,1) (S 22,3,4) (D 0,1,1)
 0 1 4 50 inf  10 (D 0,1,1) (S 23,3,9) (S 20,9,13) (S 24,13,19) (S 37,19,18) (S 11,18,18) (S 53,18,21) (S 42,21,18) (S 54,18,12) (D 0,1,1)
 0 1 5 50 inf  11 (D 0,1,1) (S 43,3,2) (S 51,30,29) (S 28,29,31) (S 44,6,5) (S 45,10,16) (S 9,16,16) (S 10,17,17) (S 46,17,11) (S 48,14,10) (D 0,1,1)
 0 1 6 20 inf  4 (D 0,1,1) (S 38,29,28) (S 17,28,28) (D 0,1,1)
 0 1 7 5 20  3 (D 0,1,1) (S 52,29,30) (D 0,1,1)
