35
8
34934447
484835
 0 1 1 51 inf  7 (D 0,1,1) (S 28,1,33) (S 32,33,34) (S 22,34,34) (S 16,26,26) (S 44,26,33) (D 0,1,1)
 0 1 2 10 inf  3 (D 0,1,1) (S 30,1,40) (D 0,1,1)
 0 1 3 20 inf  5 (D 0,1,1) (S 31,1,10) (S 70,10,16) (S 8,16,16) (D 0,1,1)
 0 1 4 18 inf  5 (D 0,1,1) (S 52,1,6) (S 43,6,7) (S 2,7,7) (D 0,1,1)
 0 1 5 132 inf  18 (D 0,1,1) (S 54,1,11) (S 5,11,11) (S 62,11,12) (S 6,12,12) (S 45,12,17) (S 9,17,17) (S 29,17,18) (S 10,18,18) (S 11,19,19) (S 37,13,18) (S 61,13,12) (S 47,12,6) (S 50,6,12) (S 76,13,17) (S 51,17,13) (S 12,20,20) (D 0,1,1)
 0 1 6 49 inf  9 (D 0,1,1) (S 58,1,35) (S 71,35,36) (S 23,36,36) (S 69,36,35) (S 75,35,1) (S 3,8,8) (S 33,8,40) (D 0,1,1)
 0 1 7 52 inf  9 (D 0,1,1) (S 59,8,9) (S 4,9,9) (S 56,9,15) (S 7,15,15) (S 63,9,8) (S 72,8,14) (S 41,14,15) (D 0,1,1)
 0 1 8 7 35  3 (D 0,1,1) (S 24,37,37) (D 0,1,1)
