314
6
70045416
1026549
 0 1 1 33 inf  6 (D 0,1,1) (S 30,1,2) (S 51,2,3) (S 1,3,3) (S 25,10,19) (D 0,1,1)
 0 1 2 37 inf  7 (D 0,1,1) (S 68,1,9) (S 6,9,9) (S 41,9,15) (S 26,15,18) (S 31,18,19) (D 0,1,1)
 0 1 3 71 inf  7 (D 0,1,1) (S 3,5,5) (S 48,5,8) (S 5,8,8) (S 21,8,14) (S 9,14,14) (D 0,1,1)
 0 1 4 38 inf  8 (D 0,1,1) (S 74,5,1) (S 63,8,5) (S 69,8,1) (S 70,9,10) (S 29,10,15) (S 32,15,19) (D 0,1,1)
 0 1 5 150 230  19 (D 0,1,1) (S 50,10,3) (S 54,10,9) (S 62,15,9) (S 66,15,8) (S 28,7,12) (S 8,12,12) (S 47,12,16) (S 10,16,16) (S 22,16,21) (S 12,21,21) (S 37,21,29) (S 19,29,29) (S 40,29,25) (S 43,25,22) (S 13,22,22) (S 64,22,17) (S 42,23,30) (D 0,1,1)
 0 1 6 24 84  6 (D 0,1,1) (S 65,7,6) (S 4,6,6) (S 75,7,8) (S 78,2,9) (D 0,1,1)
