85
7
81799513
33928615
 0 1 1 65 inf  14 (D 0,1,1) (S 42,1,6) (S 4,6,6) (S 72,6,2) (S 38,2,36) (S 25,36,36) (S 26,37,37) (S 47,37,30) (S 52,30,31) (S 21,31,31) (S 28,31,38) (S 27,38,38) (S 61,3,4) (D 0,1,1)
 0 1 2 34 inf  6 (D 0,1,1) (S 50,1,8) (S 6,8,8) (S 34,8,14) (S 10,14,14) (D 0,1,1)
 0 1 3 65 85  15 (D 0,1,1) (S 57,1,40) (S 70,40,1) (S 74,1,2) (S 48,2,6) (S 64,2,1) (S 68,2,3) (S 1,3,3) (S 40,3,7) (S 5,7,7) (S 77,7,6) (S 8,11,11) (S 46,11,1) (S 58,11,12) (D 0,1,1)
 0 1 4 64 inf  13 (D 0,1,1) (S 67,8,9) (S 66,9,10) (S 7,10,10) (S 76,10,9) (S 79,9,8) (S 2,4,4) (S 65,37,3) (S 73,37,36) (S 78,38,39) (S 44,39,5) (S 3,5,5) (D 0,1,1)
 0 1 5 35 inf  5 (D 0,1,1) (S 9,12,12) (S 75,12,11) (S 35,13,19) (D 0,1,1)
 0 1 6 46 inf  7 (D 0,1,1) (S 51,13,18) (S 14,18,18) (S 45,18,17) (S 13,17,17) (S 80,18,13) (D 0,1,1)
 0 1 7 12 inf  4 (D 0,1,1) (S 62,31,37) (S 60,39,38) (D 0,1,1)
