365
6
21767170
1569390
 0 1 1 27 49  9 (D 0,1,1) (S 15,1,15) (S 6,15,15) (S 34,15,17) (S 7,17,17) (S 10,13,14) (S 11,21,22) (S 38,23,26) (D 0,1,1)
 0 1 2 27 92  8 (D 0,1,1) (S 26,1,19) (S 37,1,27) (S 30,16,17) (S 18,22,23) (S 36,25,26) (S 29,26,27) (D 0,1,1)
 0 1 3 26 56  6 (D 0,1,1) (S 24,2,12) (S 12,12,13) (S 31,13,15) (S 33,20,21) (D 0,1,1)
 0 1 4 25 50  6 (D 0,1,1) (S 32,22,25) (S 23,23,24) (S 9,24,24) (S 25,2,1) (D 0,1,1)
 0 1 5 26 60  6 (D 0,1,1) (S 22,18,25) (S 27,18,21) (S 8,21,21) (S 17,21,25) (D 0,1,1)
 0 1 6 22 58  4 (D 0,1,1) (S 5,14,14) (S 35,14,18) (D 0,1,1)
