87
7
37542079
907180
 0 1 1 41 inf  5 (D 0,1,1) (S 19,1,7) (S 46,7,8) (S 6,8,8) (D 0,1,1)
 0 1 2 49 inf  12 (D 0,1,1) (S 31,1,31) (S 48,31,5) (S 4,5,5) (S 40,5,31) (S 5,6,6) (S 55,6,5) (S 56,6,11) (S 8,11,11) (S 38,11,12) (S 47,12,13) (D 0,1,1)
 0 1 3 50 inf  9 (D 0,1,1) (S 37,1,2) (S 1,2,2) (S 26,2,8) (S 25,8,9) (S 30,9,13) (S 45,13,12) (S 7,10,10) (D 0,1,1)
 0 1 4 50 inf  11 (D 0,1,1) (S 43,1,30) (S 58,30,29) (S 22,29,31) (S 23,10,11) (S 9,12,12) (S 62,12,18) (S 12,18,18) (S 44,18,19) (S 50,18,21) (D 0,1,1)
 0 1 5 50 inf  10 (D 0,1,1) (S 34,2,1) (S 2,3,3) (S 20,3,4) (S 3,4,4) (S 17,4,13) (S 32,13,19) (S 42,19,18) (S 35,14,10) (D 0,1,1)
 0 1 6 49 87  10 (D 0,1,1) (S 54,3,2) (S 61,30,1) (S 60,29,30) (S 63,29,28) (S 16,28,28) (S 51,28,26) (S 21,26,27) (S 28,27,29) (D 0,1,1)
 0 1 7 6 inf  3 (D 0,1,1) (S 59,26,28) (D 0,1,1)
