0
8
38315057
301434
 0 1 1 63 inf  10 (D 0,1,1) (S 27,1,2) (S 1,2,2) (S 44,2,36) (S 23,36,36) (S 61,36,35) (S 22,35,35) (S 52,35,1) (S 37,1,40) (D 0,1,1)
 0 1 2 20 inf  5 (D 0,1,1) (S 42,1,10) (S 7,10,10) (S 57,16,10) (D 0,1,1)
 0 1 3 61 inf  13 (D 0,1,1) (S 60,1,6) (S 26,6,7) (S 36,7,13) (S 10,13,13) (S 28,13,18) (S 13,18,18) (S 39,18,22) (S 51,22,25) (S 59,25,24) (S 67,24,25) (S 71,25,22) (D 0,1,1)
 0 1 4 51 inf  8 (D 0,1,1) (S 64,1,35) (S 68,1,8) (S 5,8,8) (S 66,8,9) (S 6,9,9) (S 43,9,10) (D 0,1,1)
 0 1 5 97 inf  18 (D 0,1,1) (S 74,1,11) (S 8,11,11) (S 76,11,12) (S 9,12,12) (S 31,12,17) (S 12,17,17) (S 45,17,18) (S 47,19,13) (S 49,13,12) (S 50,12,6) (S 72,6,12) (S 73,12,13) (S 69,17,13) (S 14,20,20) (S 34,20,21) (S 25,21,24) (D 0,1,1)
 0 1 6 17 inf  4 (D 0,1,1) (S 78,9,15) (S 11,15,15) (D 0,1,1)
 0 1 7 7 inf  3 (D 0,1,1) (S 35,14,15) (D 0,1,1)
 0 1 8 13 inf  4 (D 0,1,1) (S 55,37,36) (S 58,20,17) (D 0,1,1)
