393
6
26334590
633261
 0 1 1 27 47  7 (D 0,1,1) (S 24,1,17) (S 7,15,15) (S 39,15,20) (S 19,20,21) (S 11,21,21) (D 0,1,1)
 0 1 2 27 63  8 (D 0,1,1) (S 25,1,15) (S 29,13,15) (S 45,13,14) (S 6,14,14) (S 20,14,18) (S 17,23,26) (D 0,1,1)
 0 1 3 27 103  10 (D 0,1,1) (S 35,1,24) (S 22,24,27) (S 15,27,27) (S 10,19,19) (S 28,2,1) (S 43,12,13) (S 8,16,16) (S 13,25,25) (D 0,1,1)
 0 1 4 24 51  6 (D 0,1,1) (S 40,2,12) (S 32,14,21) (S 27,21,23) (S 34,22,25) (D 0,1,1)
 0 1 5 27 69  6 (D 0,1,1) (S 12,23,23) (S 42,22,23) (S 30,21,25) (S 14,26,26) (D 0,1,1)
 0 1 6 21 60  5 (D 0,1,1) (S 36,14,20) (S 9,18,18) (S 21,18,25) (D 0,1,1)
