0
9
24056219
546887
 0 1 1 13 inf  4 (D 0,1,1) (S 19,1,2) (S 1,2,2) (D 0,1,1)
 0 1 2 24 inf  6 (D 0,1,1) (S 31,1,3) (S 2,3,3) (S 24,3,4) (S 3,4,4) (D 0,1,1)
 0 1 3 39 inf  8 (D 0,1,1) (S 43,3,1) (S 8,9,9) (S 21,9,10) (S 29,10,11) (S 22,11,15) (S 11,15,15) (D 0,1,1)
 0 1 4 20 inf  5 (D 0,1,1) (S 28,9,3) (S 20,19,22) (S 16,22,22) (D 0,1,1)
 0 1 5 39 inf  6 (D 0,1,1) (S 37,19,20) (S 14,20,20) (S 25,20,21) (S 15,21,21) (D 0,1,1)
 0 1 6 40 inf  7 (D 0,1,1) (S 38,19,9) (S 17,23,23) (S 34,10,20) (S 39,11,5) (S 27,21,15) (D 0,1,1)
 0 1 7 40 inf  7 (D 0,1,1) (S 44,11,10) (S 4,5,5) (S 30,5,11) (S 18,24,24) (S 40,24,21) (D 0,1,1)
 0 1 8 37 inf  7 (D 0,1,1) (S 41,15,21) (S 12,16,16) (S 32,16,15) (S 36,16,12) (S 9,12,12) (D 0,1,1)
 0 1 9 21 inf  4 (D 0,1,1) (S 26,12,6) (S 5,6,6) (D 0,1,1)
