827
7
10533175
36743
 0 1 1 35 161  7 (D 0,1,1) (S 11,11,13) (S 12,4,10) (S 4,10,10) (S 10,5,10) (S 16,1,5) (D 0,1,1)
 0 1 2 34 155  6 (D 0,1,1) (S 18,1,4) (S 7,4,5) (S 14,3,6) (S 20,8,9) (D 0,1,1)
 0 1 3 35 102  6 (D 0,1,1) (S 19,1,3) (S 21,6,12) (S 6,12,12) (S 17,8,12) (D 0,1,1)
 0 1 4 34 126  5 (D 0,1,1) (S 13,4,11) (S 5,11,11) (S 2,7,7) (D 0,1,1)
 0 1 5 30 168  5 (D 0,1,1) (S 22,6,10) (S 8,2,8) (S 3,9,9) (D 0,1,1)
 0 1 6 31 72  4 (D 0,1,1) (S 1,2,2) (S 9,2,6) (D 0,1,1)
 0 1 7 13 43  3 (D 0,1,1) (S 15,2,3) (D 0,1,1)
