529
6
138938801
14659688
 0 1 1 150 183  24 (D 0,1,1) (S 56,1,2) (S 1,2,2) (S 87,2,1) (S 96,1,5) (S 3,5,5) (S 59,5,11) (S 7,11,11) (S 24,11,12) (S 91,12,20) (S 9,20,20) (S 47,20,21) (S 10,21,21) (S 60,21,22) (S 31,22,23) (S 45,23,31) (S 55,31,37) (S 53,37,31) (S 63,31,32) (S 41,32,37) (S 98,37,38) (S 16,38,38) (S 83,38,43) (D 0,1,1)
 0 1 2 128 inf  25 (D 0,1,1) (S 61,5,6) (S 4,6,6) (S 30,6,12) (S 100,12,13) (S 62,13,7) (S 5,7,7) (S 90,7,8) (S 57,8,7) (S 114,2,7) (S 58,8,14) (S 48,14,22) (S 78,22,21) (S 102,13,14) (S 73,14,13) (S 107,13,6) (S 64,6,7) (S 77,8,9) (S 6,9,9) (S 76,9,8) (S 117,14,15) (S 25,15,23) (S 123,23,24) (S 44,24,32) (D 0,1,1)
 0 1 3 78 inf  14 (D 0,1,1) (S 84,5,18) (S 65,18,26) (S 11,26,26) (S 71,26,19) (S 8,19,19) (S 51,19,26) (S 112,13,12) (S 85,15,9) (S 26,16,17) (S 115,17,25) (S 27,25,28) (S 35,28,32) (D 0,1,1)
 0 1 4 149 304  34 (D 0,1,1) (S 46,11,19) (S 94,15,14) (S 119,15,16) (S 81,16,24) (S 66,24,23) (S 79,24,25) (S 124,25,24) (S 89,16,15) (S 75,24,16) (S 95,16,9) (S 104,18,5) (S 105,18,19) (S 109,18,29) (S 36,29,33) (S 13,33,33) (S 34,33,46) (S 21,46,46) (S 68,47,48) (S 22,48,48) (S 122,48,49) (S 23,49,49) (S 52,49,41) (S 18,41,41) (S 29,41,48) (S 86,47,40) (S 17,40,40) (S 88,40,47) (S 120,40,33) (S 69,33,40) (S 14,34,34) (S 38,34,35) (S 37,35,36) (D 0,1,1)
 0 1 5 7 inf  3 (D 0,1,1) (S 42,29,39) (D 0,1,1)
 0 1 6 5 42  3 (D 0,1,1) (S 72,29,18) (D 0,1,1)
