348
6
61917068
2363046
 0 1 1 146 inf  22 (D 0,1,1) (S 53,1,2) (S 61,2,3) (S 64,3,4) (S 1,4,4) (S 67,4,5) (S 2,5,5) (S 69,5,39) (S 98,39,5) (S 96,5,4) (S 68,4,38) (S 14,38,38) (S 52,38,39) (S 93,4,3) (S 65,3,7) (S 72,7,13) (S 4,13,13) (S 17,13,17) (S 6,17,17) (S 22,17,18) (S 24,18,19) (D 0,1,1)
 0 1 2 89 inf  17 (D 0,1,1) (S 54,1,6) (S 70,6,7) (S 94,7,3) (S 66,3,37) (S 51,37,38) (S 97,38,4) (S 90,3,2) (S 62,2,6) (S 71,6,12) (S 16,12,17) (S 23,17,20) (S 26,20,21) (S 28,21,22) (S 30,22,25) (S 8,25,25) (D 0,1,1)
 0 1 3 147 inf  18 (D 0,1,1) (S 55,1,8) (S 3,8,8) (S 73,8,9) (S 76,9,10) (S 78,10,16) (S 107,16,10) (S 85,10,1) (S 56,1,10) (S 105,10,9) (S 77,9,15) (S 21,15,16) (S 109,16,11) (S 79,11,12) (S 81,12,13) (S 18,13,18) (S 25,18,22) (D 0,1,1)
 0 1 4 200 284  24 (D 0,1,1) (S 57,1,11) (S 80,11,16) (S 86,11,1) (S 58,1,33) (S 12,33,33) (S 47,33,34) (S 13,34,34) (S 48,34,35) (S 49,35,36) (S 50,36,37) (S 95,37,3) (S 99,7,6) (S 83,6,1) (S 59,1,35) (S 88,35,1) (S 60,1,40) (S 15,40,40) (S 89,40,1) (S 63,2,36) (S 92,36,2) (S 82,2,1) (S 100,12,6) (D 0,1,1)
 0 1 5 110 inf  14 (D 0,1,1) (S 91,6,2) (S 108,12,11) (S 74,8,14) (S 5,14,14) (S 20,14,15) (S 106,15,9) (S 102,9,8) (S 75,8,40) (S 104,40,8) (S 84,8,1) (S 87,33,1) (S 19,13,19) (D 0,1,1)
 0 1 6 21 64  5 (D 0,1,1) (S 101,13,7) (S 110,13,12) (S 103,14,8) (D 0,1,1)
