441
8
14561498
64474
 0 1 1 5 73  7 (D 0,1,1) (S 19,1,2) (S 1,2,2) (S 8,2,3) (S 2,3,3) (S 24,3,4) (D 0,1,1)
 0 1 2 5 88  7 (D 0,1,1) (S 20,1,4) (S 3,4,4) (S 21,1,7) (S 4,7,7) (S 14,7,8) (D 0,1,1)
 0 1 3 5 85  7 (D 0,1,1) (S 22,1,10) (S 5,10,10) (S 18,10,11) (S 6,11,11) (S 17,9,10) (D 0,1,1)
 0 1 4 5 52  7 (D 0,1,1) (S 23,1,12) (S 7,12,12) (S 27,12,6) (S 15,7,12) (S 26,7,6) (D 0,1,1)
 0 1 5 4 inf  6 (D 0,1,1) (S 9,2,4) (S 11,5,6) (S 10,2,9) (S 29,9,11) (D 0,1,1)
 0 1 6 1 inf  3 (D 0,1,1) (S 16,8,11) (D 0,1,1)
 0 1 7 2 inf  4 (D 0,1,1) (S 28,8,10) (S 12,5,11) (D 0,1,1)
 0 1 8 2 143  4 (D 0,1,1) (S 13,5,12) (S 25,5,3) (D 0,1,1)
